#Layer_Color=16711935
#
#Feature symbol names
#
$0 r3.937

#
#Feature attribute names
#

#
#Layer features
#
A 0.2767401 0.5720552 0.2767401 0.5720552 0.2570551 0.5720552 0 P 0 N
L 0.0371889 0.4633465 0.0371889 0.5066536 0 P 0
L 0.0371889 0.4633465 0.060811 0.4633465 0 P 0
L 0.0371889 0.5066536 0.060811 0.5066536 0 P 0
L 0.0465512 0.6602992 0.0465512 0.6977007 0 P 0
L 0.0465512 0.6602992 0.1154489 0.6602992 0 P 0
L 0.0465512 0.6977007 0.1154489 0.6977007 0 P 0
L 0.060811 0.4633465 0.060811 0.5066536 0 P 0
L 0.0703465 0.721189 0.0703465 0.744811 0 P 0
L 0.0703465 0.721189 0.1136536 0.721189 0 P 0
L 0.0703465 0.744811 0.1136536 0.744811 0 P 0
L 0.109189 0.5733465 0.109189 0.6166536 0 P 0
L 0.109189 0.5733465 0.132811 0.5733465 0 P 0
L 0.109189 0.6166536 0.132811 0.6166536 0 P 0
L 0.1136536 0.721189 0.1136536 0.744811 0 P 0
L 0.1154489 0.6602992 0.1154489 0.6977007 0 P 0
L 0.132811 0.5733465 0.132811 0.6166536 0 P 0
L 0.1681889 0.8983465 0.1681889 0.9416536 0 P 0
L 0.1681889 0.8983465 0.191811 0.8983465 0 P 0
L 0.1681889 0.9416536 0.191811 0.9416536 0 P 0
L 0.191811 0.8983465 0.191811 0.9416536 0 P 0
L 0.2073465 0.321189 0.2073465 0.344811 0 P 0
L 0.2073465 0.321189 0.2506536 0.321189 0 P 0
L 0.2073465 0.344811 0.2506536 0.344811 0 P 0
L 0.221622 0.5366221 0.221622 0.739378 0 P 0
L 0.221622 0.5366221 0.4243779 0.5366221 0 P 0
L 0.221622 0.739378 0.4243779 0.739378 0 P 0
L 0.2281889 0.8983465 0.2281889 0.9416536 0 P 0
L 0.2281889 0.8983465 0.251811 0.8983465 0 P 0
L 0.2281889 0.9416536 0.251811 0.9416536 0 P 0
L 0.2506536 0.321189 0.2506536 0.344811 0 P 0
L 0.251811 0.8983465 0.251811 0.9416536 0 P 0
L 0.2643465 0.791189 0.2643465 0.814811 0 P 0
L 0.2643465 0.791189 0.3076536 0.791189 0 P 0
L 0.2643465 0.814811 0.3076536 0.814811 0 P 0
L 0.2881889 0.8983465 0.2881889 0.9416536 0 P 0
L 0.2881889 0.8983465 0.311811 0.8983465 0 P 0
L 0.2881889 0.9416536 0.311811 0.9416536 0 P 0
L 0.3076536 0.791189 0.3076536 0.814811 0 P 0
L 0.3083464 0.368189 0.3083464 0.391811 0 P 0
L 0.3083464 0.368189 0.3516535 0.368189 0 P 0
L 0.3083464 0.391811 0.3516535 0.391811 0 P 0
L 0.3083465 0.321189 0.3083465 0.3448111 0 P 0
L 0.3083465 0.321189 0.3516536 0.321189 0 P 0
L 0.3083465 0.3448111 0.3516536 0.3448111 0 P 0
L 0.311811 0.8983465 0.311811 0.9416536 0 P 0
L 0.3516535 0.368189 0.3516535 0.391811 0 P 0
L 0.3516536 0.321189 0.3516536 0.3448111 0 P 0
L 0.4103149 0.2945669 0.4103149 0.365433 0 P 0
L 0.4103149 0.2945669 0.449685 0.2945669 0 P 0
L 0.4103149 0.365433 0.449685 0.365433 0 P 0
L 0.4243779 0.5366221 0.4243779 0.739378 0 P 0
L 0.449685 0.2945669 0.449685 0.365433 0 P 0
L 0.4705511 0.2162993 0.4705511 0.2537008 0 P 0
L 0.4705511 0.2162993 0.5394488 0.2162993 0 P 0
L 0.4705511 0.2537008 0.5394488 0.2537008 0 P 0
L 0.4833464 0.413189 0.4833464 0.436811 0 P 0
L 0.4833464 0.413189 0.5266535 0.413189 0 P 0
L 0.4833464 0.436811 0.5266535 0.436811 0 P 0
L 0.4933464 0.283189 0.4933464 0.306811 0 P 0
L 0.4933464 0.283189 0.5366535 0.283189 0 P 0
L 0.4933464 0.306811 0.5366535 0.306811 0 P 0
L 0.4933464 0.358189 0.4933464 0.381811 0 P 0
L 0.4933464 0.358189 0.5366535 0.358189 0 P 0
L 0.4933464 0.381811 0.5366535 0.381811 0 P 0
L 0.5111024 0.6110394 0.5111024 0.6661575 0 P 0
L 0.5111024 0.6110394 0.5977165 0.6110394 0 P 0
L 0.5111024 0.6661575 0.5977165 0.6661575 0 P 0
L 0.5266535 0.413189 0.5266535 0.436811 0 P 0
L 0.5366535 0.283189 0.5366535 0.306811 0 P 0
L 0.5366535 0.358189 0.5366535 0.381811 0 P 0
L 0.5394488 0.2162993 0.5394488 0.2537008 0 P 0
L 0.5977165 0.6110394 0.5977165 0.6661575 0 P 0
L 0.688189 0.8733465 0.688189 0.9166536 0 P 0
L 0.688189 0.8733465 0.711811 0.8733465 0 P 0
L 0.688189 0.9166536 0.711811 0.9166536 0 P 0
L 0.6883465 0.328189 0.6883465 0.3518111 0 P 0
L 0.6883465 0.328189 0.7316536 0.328189 0 P 0
L 0.6883465 0.3518111 0.7316536 0.3518111 0 P 0
L 0.711811 0.8733465 0.711811 0.9166536 0 P 0
L 0.7181889 0.6083465 0.7181889 0.6516536 0 P 0
L 0.7181889 0.6083465 0.741811 0.6083465 0 P 0
L 0.7181889 0.6516536 0.741811 0.6516536 0 P 0
L 0.718189 0.5083464 0.718189 0.5516535 0 P 0
L 0.718189 0.5083464 0.7418111 0.5083464 0 P 0
L 0.718189 0.5516535 0.7418111 0.5516535 0 P 0
L 0.7255512 0.3812992 0.7255512 0.4187007 0 P 0
L 0.7255512 0.3812992 0.7944489 0.3812992 0 P 0
L 0.7255512 0.4187007 0.7944489 0.4187007 0 P 0
L 0.7283465 0.438189 0.7283465 0.461811 0 P 0
L 0.7283465 0.438189 0.7716536 0.438189 0 P 0
L 0.7283465 0.461811 0.7716536 0.461811 0 P 0
L 0.7316536 0.328189 0.7316536 0.3518111 0 P 0
L 0.741811 0.6083465 0.741811 0.6516536 0 P 0
L 0.7418111 0.5083464 0.7418111 0.5516535 0 P 0
L 0.7533465 0.908189 0.7533465 0.931811 0 P 0
L 0.7533465 0.908189 0.7966536 0.908189 0 P 0
L 0.7533465 0.931811 0.7966536 0.931811 0 P 0
L 0.7716536 0.438189 0.7716536 0.461811 0 P 0
L 0.7944489 0.3812992 0.7944489 0.4187007 0 P 0
L 0.7966536 0.908189 0.7966536 0.931811 0 P 0
L 0.833189 0.8733465 0.833189 0.9166536 0 P 0
L 0.833189 0.8733465 0.856811 0.8733465 0 P 0
L 0.833189 0.9166536 0.856811 0.9166536 0 P 0
L 0.856811 0.8733465 0.856811 0.9166536 0 P 0
L 0.918189 0.3383464 0.918189 0.3816535 0 P 0
L 0.918189 0.3383464 0.9418111 0.3383464 0 P 0
L 0.918189 0.3816535 0.9418111 0.3816535 0 P 0
L 0.9418111 0.3383464 0.9418111 0.3816535 0 P 0
L 0.988189 0.4483465 0.988189 0.4916536 0 P 0
L 0.988189 0.4483465 1.011811 0.4483465 0 P 0
L 0.988189 0.4916536 1.011811 0.4916536 0 P 0
L 1.011811 0.4483465 1.011811 0.4916536 0 P 0
L 1.092315 0.394567 1.092315 0.4654331 0 P 0
L 1.092315 0.394567 1.1316851 0.394567 0 P 0
L 1.092315 0.4654331 1.1316851 0.4654331 0 P 0
L 1.1316851 0.394567 1.1316851 0.4654331 0 P 0
