#Layer_Color=32768
#
#Feature symbol names
#
$0 r4
$1 r3.937
$2 r10

#
#Feature attribute names
#

#
#Layer features
#
L 0.0199764 0.6494724 0.0199764 0.7085275 1 P 0
L 0.0199764 0.6494724 0.1420237 0.6494724 1 P 0
L 0.0199764 0.7085275 0.1420237 0.7085275 1 P 0
L 0.0253779 0.4357874 0.0253779 0.5342126 1 P 0
L 0.0253779 0.4357874 0.072622 0.4357874 1 P 0
L 0.0253779 0.5342126 0.072622 0.5342126 1 P 0
L 0.0324409 0.8124409 0.0324409 0.9777953 0 P 0
L 0.0324409 0.8124409 0.1466142 0.8124409 0 P 0
L 0.0324409 0.9777953 0.1466142 0.9777953 0 P 0
L 0.0371889 0.485 0.060811 0.485 1 P 0
L 0.0427874 0.7113464 0.0427874 0.7546535 1 P 0
L 0.0427874 0.7113464 0.1412126 0.7113464 1 P 0
L 0.0427874 0.7546535 0.1412126 0.7546535 1 P 0
L 0.0489999 0.473189 0.0489999 0.4968111 1 P 0
L 0.0622993 0.679 0.0997009 0.679 1 P 0
L 0.072622 0.4357874 0.072622 0.5342126 1 P 0
L 0.080189 0.733 0.1038111 0.733 1 P 0
L 0.0810001 0.6602992 0.0810001 0.6977007 1 P 0
L 0.092 0.721189 0.092 0.744811 1 P 0
L 0.0993465 0.5457874 0.0993465 0.6442126 1 P 0
L 0.0993465 0.5457874 0.1426536 0.5457874 1 P 0
L 0.0993465 0.6442126 0.1426536 0.6442126 1 P 0
L 0.109189 0.595 0.132811 0.595 1 P 0
L 0.121 0.583189 0.121 0.6068111 1 P 0
L 0.1412126 0.7113464 0.1412126 0.7546535 1 P 0
L 0.1420237 0.6494724 0.1420237 0.7085275 1 P 0
L 0.1426536 0.5457874 0.1426536 0.6442126 1 P 0
L 0.1466142 0.8124409 0.1466142 0.9777953 0 P 0
L 0.1563779 0.8707874 0.1563779 0.9692126 1 P 0
L 0.1563779 0.8707874 0.203622 0.8707874 1 P 0
L 0.1563779 0.9692126 0.203622 0.9692126 1 P 0
L 0.1681889 0.92 0.191811 0.92 1 P 0
L 0.17 0.17 0.17 0.305 0 P 0
L 0.17 0.17 0.33 0.17 0 P 0
L 0.17 0.305 0.33 0.305 0 P 0
L 0.1797874 0.3113464 0.1797874 0.3546535 1 P 0
L 0.1797874 0.3113464 0.2782126 0.3113464 1 P 0
L 0.1797874 0.3546535 0.2782126 0.3546535 1 P 0
L 0.1799999 0.908189 0.1799999 0.9318111 1 P 0
L 0.203622 0.8707874 0.203622 0.9692126 1 P 0
L 0.2088267 0.5238268 0.2088267 0.7521733 1 P 0
L 0.2088267 0.5238268 0.4371732 0.5238268 1 P 0
L 0.2088267 0.7521733 0.4371732 0.7521733 1 P 0
L 0.2163779 0.8707874 0.2163779 0.9692126 1 P 0
L 0.2163779 0.8707874 0.263622 0.8707874 1 P 0
L 0.2163779 0.9692126 0.263622 0.9692126 1 P 0
L 0.217189 0.333 0.2408111 0.333 1 P 0
L 0.2281889 0.92 0.251811 0.92 1 P 0
L 0.229 0.321189 0.229 0.344811 1 P 0
L 0.2367874 0.7813464 0.2367874 0.8246535 1 P 0
L 0.2367874 0.7813464 0.3352126 0.7813464 1 P 0
L 0.2367874 0.8246535 0.3352126 0.8246535 1 P 0
L 0.2399999 0.908189 0.2399999 0.9318111 1 P 0
L 0.263622 0.8707874 0.263622 0.9692126 1 P 0
L 0.274189 0.803 0.2978111 0.803 1 P 0
L 0.2763779 0.8707874 0.2763779 0.9692126 1 P 0
L 0.2763779 0.8707874 0.323622 0.8707874 1 P 0
L 0.2763779 0.9692126 0.323622 0.9692126 1 P 0
L 0.2782126 0.3113464 0.2782126 0.3546535 1 P 0
L 0.2807874 0.309378 0.2807874 0.3566221 1 P 0
L 0.2807874 0.309378 0.3792126 0.309378 1 P 0
L 0.2807874 0.3566221 0.3792126 0.3566221 1 P 0
L 0.2807874 0.3583465 0.2807874 0.4016536 1 P 0
L 0.2807874 0.3583465 0.3792126 0.3583465 1 P 0
L 0.2807874 0.4016536 0.3792126 0.4016536 1 P 0
L 0.286 0.791189 0.286 0.814811 1 P 0
L 0.2881889 0.92 0.311811 0.92 1 P 0
L 0.2999999 0.908189 0.2999999 0.9318111 1 P 0
L 0.3033149 0.638 0.342685 0.638 1 P 0
L 0.3181889 0.38 0.341811 0.38 1 P 0
L 0.318189 0.3330001 0.3418111 0.3330001 1 P 0
L 0.3229999 0.618315 0.3229999 0.6576851 1 P 0
L 0.323622 0.8707874 0.323622 0.9692126 1 P 0
L 0.33 0.17 0.33 0.305 0 P 0
L 0.33 0.321189 0.33 0.3448111 1 P 0
L 0.33 0.368189 0.33 0.391811 1 P 0
L 0.3352126 0.7813464 0.3352126 0.8246535 1 P 0
L 0.36 0.01 0.36 0.15 2 P 0
L 0.36 0.15 0.84 0.15 2 P 0
L 0.3792126 0.309378 0.3792126 0.3566221 1 P 0
L 0.3792126 0.3583465 0.3792126 0.4016536 1 P 0
L 0.4004724 0.2689763 0.4004724 0.3910236 1 P 0
L 0.4004724 0.2689763 0.4595275 0.2689763 1 P 0
L 0.4004724 0.3910236 0.4595275 0.3910236 1 P 0
L 0.4103149 0.3299999 0.449685 0.3299999 1 P 0
L 0.43 0.3103149 0.43 0.349685 1 P 0
L 0.4371732 0.5238268 0.4371732 0.7521733 1 P 0
L 0.4439763 0.2054725 0.4439763 0.2645276 1 P 0
L 0.4439763 0.2054725 0.5660236 0.2054725 1 P 0
L 0.4439763 0.2645276 0.5660236 0.2645276 1 P 0
L 0.4557874 0.4033465 0.4557874 0.4466536 1 P 0
L 0.4557874 0.4033465 0.5542126 0.4033465 1 P 0
L 0.4557874 0.4466536 0.5542126 0.4466536 1 P 0
L 0.4595275 0.2689763 0.4595275 0.3910236 1 P 0
L 0.4657874 0.2733465 0.4657874 0.3166536 1 P 0
L 0.4657874 0.2733465 0.5642126 0.2733465 1 P 0
L 0.4657874 0.3166536 0.5642126 0.3166536 1 P 0
L 0.4657874 0.3483465 0.4657874 0.3916536 1 P 0
L 0.4657874 0.3483465 0.5642126 0.3483465 1 P 0
L 0.4657874 0.3916536 0.5642126 0.3916536 1 P 0
L 0.4862991 0.235 0.5237007 0.235 1 P 0
L 0.4931889 0.425 0.516811 0.425 1 P 0
L 0.5012598 0.574622 0.5012598 0.7025748 1 P 0
L 0.5012598 0.574622 0.6075591 0.574622 1 P 0
L 0.5012598 0.7025748 0.6075591 0.7025748 1 P 0
L 0.5031889 0.295 0.526811 0.295 1 P 0
L 0.5031889 0.37 0.526811 0.37 1 P 0
L 0.5049999 0.2162993 0.5049999 0.2537008 1 P 0
L 0.505 0.413189 0.505 0.436811 1 P 0
L 0.515 0.283189 0.515 0.306811 1 P 0
L 0.515 0.358189 0.515 0.381811 1 P 0
L 0.5347244 0.6385984 0.5740945 0.6385984 1 P 0
L 0.5542126 0.4033465 0.5542126 0.4466536 1 P 0
L 0.5544094 0.6189134 0.5544094 0.6582835 1 P 0
L 0.5642126 0.2733465 0.5642126 0.3166536 1 P 0
L 0.5642126 0.3483465 0.5642126 0.3916536 1 P 0
L 0.5660236 0.2054725 0.5660236 0.2645276 1 P 0
L 0.6075591 0.574622 0.6075591 0.7025748 1 P 0
L 0.6607874 0.316378 0.6607874 0.3636221 1 P 0
L 0.6607874 0.316378 0.7592126 0.316378 1 P 0
L 0.6607874 0.3636221 0.7592126 0.3636221 1 P 0
L 0.6783465 0.8457874 0.6783465 0.9442126 1 P 0
L 0.6783465 0.8457874 0.7216536 0.8457874 1 P 0
L 0.6783465 0.9442126 0.7216536 0.9442126 1 P 0
L 0.688189 0.895 0.711811 0.895 1 P 0
L 0.698189 0.3400001 0.7218111 0.3400001 1 P 0
L 0.6989764 0.3704724 0.6989764 0.4295275 1 P 0
L 0.6989764 0.3704724 0.8210237 0.3704724 1 P 0
L 0.6989764 0.4295275 0.8210237 0.4295275 1 P 0
L 0.7 0.883189 0.7 0.9068111 1 P 0
L 0.7007874 0.4283464 0.7007874 0.4716535 1 P 0
L 0.7007874 0.4283464 0.7992126 0.4283464 1 P 0
L 0.7007874 0.4716535 0.7992126 0.4716535 1 P 0
L 0.7063779 0.5807874 0.7063779 0.6792126 1 P 0
L 0.7063779 0.5807874 0.753622 0.5807874 1 P 0
L 0.7063779 0.6792126 0.753622 0.6792126 1 P 0
L 0.706378 0.4807874 0.706378 0.5792126 1 P 0
L 0.706378 0.4807874 0.7536221 0.4807874 1 P 0
L 0.706378 0.5792126 0.7536221 0.5792126 1 P 0
L 0.71 0.328189 0.71 0.3518111 1 P 0
L 0.7181889 0.63 0.741811 0.63 1 P 0
L 0.718189 0.53 0.7418111 0.53 1 P 0
L 0.7216536 0.8457874 0.7216536 0.9442126 1 P 0
L 0.7257874 0.8983464 0.7257874 0.9416535 1 P 0
L 0.7257874 0.8983464 0.8242126 0.8983464 1 P 0
L 0.7257874 0.9416535 0.8242126 0.9416535 1 P 0
L 0.7299999 0.618189 0.7299999 0.6418111 1 P 0
L 0.7300001 0.5181889 0.7300001 0.541811 1 P 0
L 0.738189 0.45 0.7618111 0.45 1 P 0
L 0.7412993 0.4 0.7787009 0.4 1 P 0
L 0.75 0.438189 0.75 0.461811 1 P 0
L 0.753622 0.5807874 0.753622 0.6792126 1 P 0
L 0.7536221 0.4807874 0.7536221 0.5792126 1 P 0
L 0.7592126 0.316378 0.7592126 0.3636221 1 P 0
L 0.7600001 0.3812992 0.7600001 0.4187007 1 P 0
L 0.763189 0.92 0.7868111 0.92 1 P 0
L 0.775 0.908189 0.775 0.931811 1 P 0
L 0.7992126 0.4283464 0.7992126 0.4716535 1 P 0
L 0.8151928 0.437636 0.8151928 0.6423604 1 P 0
L 0.8151928 0.437636 0.9647991 0.437636 1 P 0
L 0.8151928 0.6423604 0.9647991 0.6423604 1 P 0
L 0.8210237 0.3704724 0.8210237 0.4295275 1 P 0
L 0.8233465 0.8457874 0.8233465 0.9442126 1 P 0
L 0.8233465 0.8457874 0.8666536 0.8457874 1 P 0
L 0.8233465 0.9442126 0.8666536 0.9442126 1 P 0
L 0.8242126 0.8983464 0.8242126 0.9416535 1 P 0
L 0.833189 0.895 0.856811 0.895 1 P 0
L 0.84 0.01 0.84 0.15 2 P 0
L 0.845 0.883189 0.845 0.9068111 1 P 0
L 0.8666536 0.8457874 0.8666536 0.9442126 1 P 0
L 0.8709449 0.8412598 0.8709449 0.9987402 1 P 0
L 0.8709449 0.8412598 1.1937795 0.8412598 1 P 0
L 0.8709449 0.9987402 1.1937795 0.9987402 1 P 0
L 0.906378 0.3107874 0.906378 0.4092126 1 P 0
L 0.906378 0.3107874 0.9536221 0.3107874 1 P 0
L 0.906378 0.4092126 0.9536221 0.4092126 1 P 0
L 0.918189 0.36 0.9418111 0.36 1 P 0
L 0.9300001 0.3481889 0.9300001 0.371811 1 P 0
L 0.9536221 0.3107874 0.9536221 0.4092126 1 P 0
L 0.9647991 0.437636 0.9647991 0.6423604 1 P 0
L 0.9783465 0.4207874 0.9783465 0.5192126 1 P 0
L 0.9783465 0.4207874 1.0216536 0.4207874 1 P 0
L 0.9783465 0.5192126 1.0216536 0.5192126 1 P 0
L 0.988189 0.47 1.011811 0.47 1 P 0
L 1 0.458189 1 0.4818111 1 P 0
L 1.0216536 0.4207874 1.0216536 0.5192126 1 P 0
L 1.0824725 0.3689764 1.0824725 0.4910237 1 P 0
L 1.0824725 0.3689764 1.1415276 0.3689764 1 P 0
L 1.0824725 0.4910237 1.1415276 0.4910237 1 P 0
L 1.092315 0.4300001 1.1316851 0.4300001 1 P 0
L 1.112 0.410315 1.112 0.4496851 1 P 0
L 1.1415276 0.3689764 1.1415276 0.4910237 1 P 0
L 1.1937795 0.8412598 1.1937795 0.9987402 1 P 0
